3	Product Version: USB-60x3
3	Executable File Version: 2.9.2,5 
3	Program Build Date: Jan  5 2012,  14:10:25
3	Customer Serial Number:  200-1663-1-1
3	Customer Name:  UPMC 
3	Customer Organization:  AVOTEC
3	--------------------------------------------------------
3	TimeValues	2022	9	29	16	58	41	UTC
3	TimeStamp	Thursday, September 29, 2022, 12:58:41 PM 
3	DataFormat	2.9.0,009
3	ScreenSize	143.017	107.263	// full screen size (not measured lines) in mm
3	ViewingDistance	100
3	ImageShape	Fit
3	SmoothingMethod	ExponentialMovingAverage
3	SmoothingPoints	4
3	eyeA:pupilSegmentationMethod	Ellipse
3	eyeA:gazeNudge	0	0
3	--------------------------------------------------------
3	Data Notes:
3	 1) X_Gaze and Y_Gaze are uncorrected gaze values (no smoothing, etc...).
3	 2) X_CorrectedGaze and Y_CorrectedGaze are corrected gaze values that may include smoothing, averaging, parallax correction, nudging, etc...
3	 3) Regions are calculated with respect to the corrected gaze values.
3	 4) PupilWidth and PupilHeight calculations are relative to which pupil segmentation method is active.
3	    a) Ellipse - PupilWidth is the major-axis (larger value) and PupilHeight is the minor-axis (smaller value).
3	       The major-axis and the minor-axis are both normalized by the width of the EyeCamera window so the scales of the axes are commensurable.
3	    b) Oval Fit - PupilWidth is the HORIZONTAL dimension and PupilHeight is the VERTICAL dimension of the rectangular bounding box of the unrotated Oval.
3	       The HORIZONTAL and VERTICAL dimensions are both normalized by the width and height of the EyeCamera window respectively so the scales of the axes are incommensurable (see manual for details).
3	    c) Centroid - PupilWidth and PupilHeight are 0, because no pupil size is obtained.
3	--------------------------------------------------------
3	 idName	
3	 idTest	
3	 idSession	
3	 idNotes	
3	--------------------------------------------------------
6	ATT	ADT	ALX	ALY	ACX	ACY	ARI	APW	APH	AQU	AFX	CNT	MRK
5	TotalTime	DeltaTime	X_Gaze	Y_Gaze	X_CorrectedGaze	Y_CorrectedGaze	Region	PupilWidth	PupilHeight	Quality	Fixation	Count	Marker
7	 0.000000	EyeA FrameRate	60
16	 0.000000	STARTUP.BMP
10	  0.0000	   0.0000	-0.3356	1.0410	-0.3393	1.0202	-1	0.1290	0.1144	1	0.0167	0	+,=,+
12	 0.017553	iti
10	  0.0167	  16.6649	-0.3423	0.9092	-0.3405	0.9758	-1	0.1394	0.1117	1	0.0167	1	
10	  0.0334	  16.7842	-0.3239	1.0447	-0.3338	1.0034	-1	0.1287	0.1116	1	0.0168	2	
10	  0.0500	  16.5942	-0.3336	0.9959	-0.3337	1.0004	-1	0.1309	0.1141	1	0.0166	3	
10	  0.0668	  16.7649	-0.3050	0.9743	-0.3222	0.9899	-1	0.1287	0.1159	1	0.0168	4	
10	  0.0834	  16.5865	-0.3580	1.0274	-0.3366	1.0049	-1	0.1291	0.1130	1	0.0166	5	
10	  0.1002	  16.7880	-0.3666	1.1060	-0.3486	1.0454	-1	0.1261	0.1145	1	0.0168	6	
10	  0.1168	  16.6250	-0.3237	0.9718	-0.3386	1.0160	-1	0.1333	0.1142	1	0.0166	7	
10	  0.1334	  16.6281	-0.3240	0.9730	-0.3328	0.9988	-1	0.1351	0.1123	1	0.0166	8	
10	  0.1502	  16.7600	-0.3320	1.0301	-0.3325	1.0113	-1	0.1293	0.1130	1	0.0168	9	
10	  0.1668	  16.5977	-0.3310	1.0163	-0.3319	1.0133	-1	0.1287	0.1154	1	0.0166	10	
10	  0.1835	  16.6761	-0.3430	0.9938	-0.3363	1.0055	-1	0.1327	0.1131	1	0.0167	11	
10	  0.2002	  16.7537	-0.3476	0.9950	-0.3408	1.0013	-1	0.1344	0.1128	1	0.0168	12	
10	  0.2169	  16.6327	-0.3224	0.9194	-0.3335	0.9685	-1	0.1381	0.1136	1	0.0166	13	
10	  0.2336	  16.7359	-0.3428	1.0147	-0.3372	0.9870	-1	0.1312	0.1140	1	0.0167	14	
10	  0.2502	  16.5942	-0.3417	1.0325	-0.3390	1.0052	-1	0.1291	0.1153	1	0.0166	15	
10	  0.2670	  16.7800	-0.3173	1.0426	-0.3303	1.0202	-1	0.1307	0.1163	1	0.0168	16	
10	  0.2836	  16.6211	-0.3250	0.9913	-0.3282	1.0086	-1	0.1315	0.1115	1	0.0166	17	
10	  0.3003	  16.7247	-0.3367	1.1172	-0.3316	1.0521	-1	0.1267	0.1140	1	0.0167	18	
10	  0.3170	  16.6551	-0.3361	0.9916	-0.3334	1.0279	-1	0.1282	0.1154	1	0.0167	19	
10	  0.3337	  16.6977	-0.3425	1.0048	-0.3370	1.0187	-1	0.1296	0.1149	1	0.0167	20	
10	  0.3503	  16.6701	-0.3212	0.9516	-0.3307	0.9919	-1	0.1298	0.1132	1	0.0167	21	
10	  0.3671	  16.7772	-0.3307	0.9708	-0.3307	0.9834	-1	0.1286	0.1154	1	0.0168	22	
10	  0.3837	  16.5728	-0.3077	0.9436	-0.3215	0.9675	-1	0.1327	0.1173	1	0.0166	23	
10	  0.4004	  16.7621	-0.3084	0.9624	-0.3163	0.9655	-1	0.1323	0.1170	1	0.0168	24	
10	  0.4171	  16.6075	-0.3056	0.9364	-0.3120	0.9538	-1	0.1316	0.1153	1	0.0166	25	
10	  0.4338	  16.7719	-0.3070	0.9588	-0.3100	0.9558	-1	0.1335	0.1162	1	0.0168	26	
10	  0.4504	  16.6218	-0.3182	0.9624	-0.3133	0.9584	-1	0.1300	0.1168	1	0.0166	27	
12	 0.467263	1 dot -0.2
10	  0.4674	  16.9340	-0.3292	1.0303	-0.3197	0.9872	-1	0.1272	0.1145	1	0.0169	28	
10	  0.4837	  16.3607	-0.2977	0.9805	-0.3109	0.9845	-1	0.1303	0.1156	1	0.0164	29	
10	  0.5006	  16.8132	-0.3518	1.0513	-0.3273	1.0112	-1	0.1300	0.1172	1	0.0168	30	
10	  0.5172	  16.6439	-0.3216	1.0139	-0.3250	1.0123	-1	0.1257	0.1159	1	0.0166	31	
10	  0.5339	  16.6935	-0.3051	1.0455	-0.3170	1.0256	-1	0.1271	0.1163	1	0.0167	32	
10	  0.5506	  16.6719	-0.3343	1.0104	-0.3239	1.0195	-1	0.1283	0.1154	1	0.0167	33	
10	  0.5673	  16.7058	-0.3174	0.9953	-0.3213	1.0098	-1	0.1319	0.1136	1	0.0167	34	
10	  0.5839	  16.6561	-0.2926	0.9984	-0.3099	1.0053	-1	0.1276	0.1150	1	0.0167	35	
10	  0.6006	  16.6876	-0.3048	1.0243	-0.3078	1.0129	-1	0.1312	0.1150	1	0.0167	36	
10	  0.6173	  16.7138	-0.3090	0.9912	-0.3083	1.0042	-1	0.1279	0.1141	1	0.0167	37	
10	  0.6340	  16.6365	-0.3027	1.0307	-0.3060	1.0148	-1	0.1276	0.1142	1	0.0166	38	
10	  0.6507	  16.6977	-0.2875	0.9952	-0.2986	1.0070	-1	0.1256	0.1118	1	0.0167	39	
10	  0.6674	  16.6918	-0.3267	1.0643	-0.3099	1.0299	-1	0.1225	0.1128	1	0.0167	40	
10	  0.6841	  16.7047	-0.3032	1.0380	-0.3072	1.0331	-1	0.1234	0.1139	1	0.0167	41	
10	  0.7007	  16.6264	-0.3586	1.0581	-0.3277	1.0431	-1	0.1291	0.1155	1	0.0166	42	
10	  0.7174	  16.6848	-0.3683	0.9967	-0.3440	1.0246	-1	0.1265	0.1133	1	0.0167	43	
10	  0.7341	  16.6956	-0.3838	1.0344	-0.3599	1.0285	-1	0.1264	0.1094	1	0.0167	44	
10	  0.7508	  16.6862	-0.3903	1.0085	-0.3721	1.0205	-1	0.1228	0.1131	1	0.0167	45	
10	  0.7675	  16.7110	-0.3794	1.0030	-0.3750	1.0135	-1	0.1274	0.1128	1	0.0167	46	
10	  0.7841	  16.5907	-0.3798	0.9843	-0.3769	1.0018	-1	0.1266	0.1110	1	0.0166	47	
10	  0.8008	  16.7803	-0.3871	0.9925	-0.3810	0.9981	-1	0.1247	0.1104	1	0.0168	48	
10	  0.8175	  16.6344	-0.4073	1.0346	-0.3915	1.0127	-1	0.1228	0.1079	1	0.0166	49	
10	  0.8342	  16.7429	-0.3941	1.0554	-0.3926	1.0298	-1	0.1238	0.1070	1	0.0167	50	
10	  0.8508	  16.5935	-0.3778	1.0015	-0.3867	1.0185	-1	0.1207	0.1100	1	0.0166	51	
10	  0.8676	  16.7597	-0.4083	1.0529	-0.3953	1.0322	-1	0.1253	0.1081	1	0.0168	52	
10	  0.8842	  16.6603	-0.4034	1.0524	-0.3986	1.0403	-1	0.1216	0.1070	1	0.0167	53	
10	  0.9009	  16.7173	-0.4003	1.0904	-0.3993	1.0603	-1	0.1231	0.1094	1	0.0167	54	
10	  0.9176	  16.6120	-0.4098	1.0379	-0.4035	1.0514	-1	0.1231	0.1077	1	0.0166	55	
10	  0.9343	  16.7285	-0.4052	1.1005	-0.4041	1.0710	-1	0.1223	0.1081	1	0.0167	56	
10	  0.9508	  16.5434	-0.3679	1.0227	-0.3896	1.0517	-1	0.1187	0.1067	1	0.0165	57	
12	 0.967732	iti
10	  0.9677	  16.8794	-0.3889	1.0717	-0.3893	1.0597	-1	0.1217	0.1084	1	0.0169	58	
10	  0.9843	  16.5977	-0.3799	1.0242	-0.3856	1.0455	-1	0.1210	0.1072	1	0.0166	59	
10	  1.0011	  16.7635	-0.3869	1.0835	-0.3861	1.0607	-1	0.1191	0.1077	1	0.0168	60	
10	  1.0176	  16.5140	-0.3776	1.0667	-0.3827	1.0631	-1	0.1174	0.1088	1	0.0165	61	
10	  1.0344	  16.8283	-0.4014	1.0737	-0.3902	1.0674	-1	0.1219	0.1060	1	0.0168	62	
10	  1.0511	  16.6547	-0.3792	1.0180	-0.3858	1.0476	-1	0.1197	0.1054	1	0.0167	63	
10	  1.0678	  16.6995	-0.3973	1.0618	-0.3904	1.0533	-1	0.1222	0.1077	1	0.0167	64	
10	  1.0843	  16.5679	-0.3815	1.0500	-0.3868	1.0520	-1	0.1215	0.1073	1	0.0166	65	
10	  1.1012	  16.8419	-0.3885	1.0687	-0.3875	1.0587	-1	0.1221	0.1074	1	0.0168	66	
10	  1.1178	  16.5928	-0.3826	1.0120	-0.3856	1.0400	-1	0.1234	0.1069	1	0.0166	67	
10	  1.1345	  16.6904	-0.3715	1.0595	-0.3799	1.0478	-1	0.1240	0.1068	1	0.0167	68	
10	  1.1511	  16.6614	-0.3678	1.0427	-0.3751	1.0458	-1	0.1164	0.1072	1	0.0167	69	
10	  1.1679	  16.7352	-0.3869	1.0533	-0.3798	1.0488	-1	0.1225	0.1073	1	0.0167	70	
10	  1.1846	  16.7201	-0.3680	0.9924	-0.3751	1.0262	-1	0.1242	0.1100	1	0.0167	71	
10	  1.2012	  16.6145	-0.3901	1.1071	-0.3811	1.0586	-1	0.1210	0.1087	1	0.0166	72	
10	  1.2179	  16.6719	-0.3086	1.0110	-0.3521	1.0395	-1	0.1209	0.1073	1	0.0167	73	
10	  1.2346	  16.7320	-0.2652	1.0550	-0.3173	1.0457	-1	0.1215	0.1099	1	0.0167	74	
10	  1.2512	  16.5879	-0.2872	0.9738	-0.3053	1.0170	-1	0.1257	0.1095	1	0.0166	75	
10	  1.2680	  16.7754	-0.2883	1.0159	-0.2985	1.0165	-1	0.1279	0.1083	1	0.0168	76	
10	  1.2845	  16.5399	-0.2896	0.9961	-0.2949	1.0084	-1	0.1204	0.1106	1	0.0165	77	
10	  1.3013	  16.8381	-0.2928	1.0699	-0.2941	1.0330	-1	0.1250	0.1099	1	0.0168	78	
10	  1.3180	  16.6446	-0.2807	0.9682	-0.2887	1.0070	-1	0.1278	0.1093	1	0.0166	79	
10	  1.3347	  16.7285	-0.3095	1.0559	-0.2970	1.0266	-1	0.1234	0.1095	1	0.0167	80	
10	  1.3513	  16.5686	-0.2957	0.9978	-0.2965	1.0151	-1	0.1264	0.1121	1	0.0166	81	
10	  1.3681	  16.7901	-0.3027	1.0398	-0.2990	1.0250	-1	0.1280	0.1091	1	0.0168	82	
10	  1.3847	  16.6428	-0.3053	0.9962	-0.3015	1.0135	-1	0.1229	0.1109	1	0.0166	83	
10	  1.4014	  16.7275	-0.2935	1.0580	-0.2983	1.0313	-1	0.1248	0.1137	1	0.0167	84	
10	  1.4180	  16.5826	-0.2906	0.9903	-0.2952	1.0149	-1	0.1271	0.1077	1	0.0166	85	
10	  1.4348	  16.8083	-0.2927	1.0074	-0.2942	1.0119	-1	0.1253	0.1119	1	0.0168	86	
10	  1.4514	  16.5928	-0.2706	1.0024	-0.2848	1.0081	-1	0.1277	0.1150	1	0.0166	87	
12	 1.467346	2 dot 0.9
10	  1.4681	  16.6747	-0.2987	1.0415	-0.2904	1.0214	-1	0.1276	0.1092	1	0.0167	88	
10	  1.4847	  16.6498	-0.2971	0.9794	-0.2930	1.0046	-1	0.1295	0.1129	1	0.0166	89	
10	  1.5015	  16.7863	-0.2915	1.0529	-0.2924	1.0239	-1	0.1262	0.1119	1	0.0168	90	
10	  1.5182	  16.6264	-0.2860	0.9945	-0.2898	1.0122	-1	0.1271	0.1111	1	0.0166	91	
10	  1.5349	  16.7586	-0.3102	1.0765	-0.2980	1.0379	-1	0.1238	0.1107	1	0.0168	92	
10	  1.5515	  16.5641	-0.2787	0.9464	-0.2903	1.0013	-1	0.1275	0.1133	1	0.0166	93	
10	  1.5683	  16.8136	-0.2903	0.9679	-0.2903	0.9879	-1	0.1288	0.1118	1	0.0168	94	
10	  1.5849	  16.6124	1.2977	1.8360	0.3449	1.3272	-1	0.0225	0.0225	1	0.0000	95	
10	  1.6017	  16.7639	-0.2784	0.9739	0.0956	1.1859	-1	0.1291	0.1143	1	0.0000	96	
10	  1.6183	  16.6404	-0.2639	0.9245	-0.0482	1.0813	-1	0.1293	0.1146	1	0.0000	97	
10	  1.6350	  16.7072	-0.2962	1.0088	-0.1474	1.0523	-1	0.1285	0.1152	1	0.0000	98	
10	  1.6517	  16.6806	-0.2880	0.9879	-0.2036	1.0265	-1	0.1288	0.1140	1	0.0167	99	
10	  1.6683	  16.5994	-0.2821	1.0514	-0.2350	1.0365	-1	0.1295	0.1151	1	0.0333	100	
10	  1.6850	  16.7296	-0.2900	1.0187	-0.2570	1.0294	-1	0.1323	0.1164	1	0.0167	101	
10	  1.7017	  16.6421	-0.1400	1.0663	-0.2102	1.0441	-1	0.1342	0.1144	1	0.0166	102	
10	  1.7184	  16.7478	0.1073	0.9849	-0.0832	1.0204	-1	0.1339	0.1149	1	0.0000	103	
10	  1.7350	  16.6267	0.1755	1.0883	0.0203	1.0476	-1	0.1298	0.1167	1	0.0000	104	
10	  1.7518	  16.7677	0.1573	1.0207	0.0751	1.0368	-1	0.1299	0.1160	1	0.0168	105	
10	  1.7685	  16.6593	0.1815	1.0307	0.1177	1.0344	-1	0.1298	0.1169	1	0.0334	106	
10	  1.7850	  16.5753	0.1840	0.9827	0.1442	1.0137	-1	0.1343	0.1165	1	0.0166	107	
10	  1.8018	  16.7772	0.1747	1.0693	0.1564	1.0360	-1	0.1308	0.1126	1	0.0168	108	
10	  1.8184	  16.6211	0.1882	0.9442	0.1691	0.9993	-1	0.1331	0.1172	1	0.0166	109	
10	  1.8352	  16.7576	0.1798	1.0346	0.1734	1.0134	-1	0.1315	0.1180	1	0.0168	110	
10	  1.8518	  16.6449	0.2093	0.9742	0.1877	0.9977	-1	0.1331	0.1162	1	0.0166	111	
10	  1.8685	  16.6977	0.1845	1.0384	0.1864	1.0140	-1	0.1349	0.1168	1	0.0167	112	
10	  1.8852	  16.6232	0.1876	0.9765	0.1869	0.9990	-1	0.1329	0.1177	1	0.0166	113	
10	  1.9019	  16.7362	0.1829	1.0212	0.1853	1.0079	-1	0.1362	0.1197	1	0.0167	114	
10	  1.9186	  16.6970	0.1766	0.9971	0.1818	1.0036	-1	0.1357	0.1171	1	0.0167	115	
10	  1.9352	  16.6106	0.1887	0.9900	0.1846	0.9981	-1	0.1370	0.1167	1	0.0166	116	
10	  1.9519	  16.6757	0.2390	0.9435	0.2064	0.9763	-1	0.1347	0.1190	1	0.0167	117	
12	 1.967283	iti
10	  1.9687	  16.8174	0.2251	0.9279	0.2138	0.9569	-1	0.1387	0.1199	1	0.0168	118	
10	  1.9853	  16.6229	0.2060	0.9717	0.2107	0.9628	-1	0.1375	0.1178	1	0.0166	119	
10	  2.0020	  16.6970	0.2180	1.0073	0.2136	0.9806	-1	0.1365	0.1207	1	0.0167	120	
10	  2.0187	  16.7187	0.2119	0.9814	0.2129	0.9809	-1	0.1338	0.1204	1	0.0167	121	
10	  2.0354	  16.6921	0.2270	1.0395	0.2186	1.0043	-1	0.1396	0.1238	1	0.0334	122	
10	  2.0520	  16.5896	0.2184	0.9594	0.2185	0.9864	-1	0.1393	0.1194	1	0.0500	123	
10	  2.0688	  16.7737	0.2136	1.0725	0.2166	1.0208	-1	0.1358	0.1237	1	0.0668	124	
10	  2.0855	  16.6558	0.2145	1.0065	0.2157	1.0151	-1	0.1392	0.1194	1	0.0167	125	
10	  2.1022	  16.6970	0.1921	1.0440	0.2063	1.0266	-1	0.1383	0.1222	1	0.0167	126	
10	  2.1188	  16.6575	0.2131	0.9994	0.2090	1.0158	-1	0.1388	0.1236	1	0.0167	127	
10	  2.1355	  16.6953	0.2271	1.0605	0.2163	1.0336	-1	0.1359	0.1236	1	0.0167	128	
10	  2.1522	  16.6866	0.0667	1.0220	0.1564	1.0290	-1	0.1398	0.1211	1	0.0167	129	
10	  2.1689	  16.7219	-0.1985	0.9897	0.0145	1.0133	-1	0.1393	0.1233	1	0.0000	130	
10	  2.1855	  16.6260	-0.2776	0.9815	-0.1024	1.0006	-1	0.1392	0.1246	1	0.0000	131	
10	  2.2022	  16.6292	-0.2787	0.9904	-0.1729	0.9965	-1	0.1426	0.1230	1	0.0166	132	
10	  2.2189	  16.7474	-0.2933	0.9528	-0.2211	0.9790	-1	0.1433	0.1239	1	0.0334	133	
10	  2.2356	  16.6586	-0.2995	1.0194	-0.2524	0.9952	-1	0.1396	0.1237	1	0.0167	134	
10	  2.2523	  16.7002	-0.2762	0.9636	-0.2620	0.9826	-1	0.1420	0.1229	1	0.0167	135	
10	  2.2689	  16.6400	-0.3032	1.0245	-0.2785	0.9993	-1	0.1416	0.1229	1	0.0166	136	
10	  2.2856	  16.7194	-0.3040	0.9655	-0.2887	0.9858	-1	0.1441	0.1247	1	0.0167	137	
10	  2.3023	  16.6715	-0.2984	1.0095	-0.2925	0.9953	-1	0.1417	0.1234	1	0.0167	138	
10	  2.3189	  16.6131	-0.2943	0.9533	-0.2932	0.9785	-1	0.1449	0.1234	1	0.0166	139	
10	  2.3357	  16.7429	-0.2940	1.0115	-0.2935	0.9917	-1	0.1366	0.1232	1	0.0167	140	
10	  2.3523	  16.6866	-0.2573	0.9864	-0.2791	0.9896	-1	0.1409	0.1234	1	0.0167	141	
10	  2.3691	  16.7236	-0.2906	1.0054	-0.2837	0.9959	-1	0.1429	0.1244	1	0.0167	142	
10	  2.3857	  16.5914	-0.2786	0.9775	-0.2817	0.9886	-1	0.1419	0.1260	1	0.0166	143	
10	  2.4025	  16.7933	-0.2889	1.0091	-0.2845	0.9968	-1	0.1416	0.1245	1	0.0168	144	
10	  2.4190	  16.5648	-0.2751	0.9536	-0.2808	0.9795	-1	0.1462	0.1213	1	0.0166	145	
10	  2.4358	  16.7506	-0.2926	1.0006	-0.2855	0.9880	-1	0.1440	0.1249	1	0.0168	146	
10	  2.4525	  16.6932	-0.2843	0.9547	-0.2850	0.9746	-1	0.1455	0.1246	1	0.0167	147	
12	 2.467264	3 dot -0.7249999999999999
10	  2.4692	  16.7047	-0.3010	1.0194	-0.2914	0.9925	-1	0.1431	0.1248	1	0.0167	148	
10	  2.4858	  16.6512	-0.2825	0.9865	-0.2878	0.9901	-1	0.1443	0.1259	1	0.0167	149	
10	  2.5025	  16.7012	-0.2985	1.0412	-0.2921	1.0106	-1	0.1401	0.1232	1	0.0167	150	
10	  2.5192	  16.6712	-0.3008	0.9997	-0.2956	1.0062	-1	0.1451	0.1235	1	0.0167	151	
10	  2.5359	  16.6984	-0.2992	0.9810	-0.2970	0.9961	-1	0.1458	0.1249	1	0.0167	152	
10	  2.5526	  16.6603	-0.2688	0.9281	-0.2857	0.9689	-1	0.1455	0.1254	1	0.0167	153	
10	  2.5693	  16.7187	-0.3135	1.0338	-0.2968	0.9949	-1	0.1448	0.1235	1	0.0167	154	
10	  2.5859	  16.6547	-0.2981	0.9621	-0.2973	0.9818	-1	0.1467	0.1235	1	0.0167	155	
10	  2.6027	  16.7481	-0.2937	1.0197	-0.2959	0.9969	-1	0.1448	0.1239	1	0.0167	156	
10	  2.6193	  16.5893	-0.2913	0.9563	-0.2940	0.9807	-1	0.1472	0.1247	1	0.0166	157	
10	  2.6360	  16.7814	-0.3000	0.9909	-0.2964	0.9848	-1	0.1416	0.1238	1	0.0168	158	
10	  2.6527	  16.6610	-0.2691	0.9691	-0.2855	0.9785	-1	0.1456	0.1277	1	0.0167	159	
10	  2.6696	  16.8689	-0.3846	1.0318	-0.3251	0.9998	-1	0.1453	0.1213	1	0.0169	160	
10	  2.6860	  16.4475	-0.5298	0.9197	-0.4070	0.9678	-1	0.1528	0.1107	1	0.0164	161	
10	  2.7027	  16.6397	-0.5420	1.0036	-0.4610	0.9821	-1	0.1447	0.1142	1	0.0166	162	
10	  2.7194	  16.7457	-0.5376	0.9343	-0.4917	0.9630	-1	0.1459	0.1108	1	0.0167	163	
10	  2.7360	  16.6264	-0.5572	0.9913	-0.5179	0.9743	-1	0.1474	0.1112	1	0.0166	164	
10	  2.7528	  16.7481	-0.5284	0.9056	-0.5221	0.9468	-1	0.1451	0.1126	1	0.0167	165	
10	  2.7695	  16.6810	-0.5389	0.9524	-0.5288	0.9491	-1	0.1472	0.1110	1	0.0167	166	
10	  2.7862	  16.6949	-0.5268	0.8985	-0.5280	0.9289	-1	0.1492	0.1134	1	0.0167	167	
10	  2.8028	  16.6292	-0.5221	0.9585	-0.5256	0.9407	-1	0.1463	0.1112	1	0.0166	168	
10	  2.8195	  16.7471	-0.5189	0.8986	-0.5229	0.9239	-1	0.1504	0.1140	1	0.0167	169	
10	  2.8362	  16.6274	-0.5597	0.9909	-0.5376	0.9507	-1	0.1470	0.1118	1	0.0166	170	
10	  2.8528	  16.6285	-0.5394	0.9759	-0.5383	0.9608	-1	0.1465	0.1133	1	0.0166	171	
10	  2.8696	  16.7758	-0.5454	1.0126	-0.5412	0.9815	-1	0.1477	0.1130	1	0.0168	172	
10	  2.8862	  16.6043	-0.5385	0.9679	-0.5401	0.9761	-1	0.1515	0.1115	1	0.0166	173	
10	  2.9029	  16.7436	-0.5365	0.9981	-0.5387	0.9849	-1	0.1512	0.1142	1	0.0167	174	
10	  2.9196	  16.6691	-0.5200	0.9576	-0.5312	0.9740	-1	0.1494	0.1141	1	0.0167	175	
10	  2.9363	  16.7324	-0.5589	1.0167	-0.5423	0.9911	-1	0.1524	0.1120	1	0.0167	176	
10	  2.9529	  16.5956	-0.5318	0.9398	-0.5381	0.9706	-1	0.1497	0.1126	1	0.0166	177	
12	 2.967228	iti
10	  2.9696	  16.7268	-0.5358	0.9804	-0.5372	0.9745	-1	0.1490	0.1143	1	0.0167	178	
10	  2.9863	  16.6785	-0.5230	0.9518	-0.5315	0.9654	-1	0.1490	0.1144	1	0.0167	179	
10	  3.0030	  16.6981	-0.5456	0.9896	-0.5371	0.9751	-1	0.1493	0.1117	1	0.0167	180	
10	  3.0197	  16.6449	-0.5258	0.9664	-0.5326	0.9716	-1	0.1468	0.1136	1	0.0166	181	
10	  3.0364	  16.7642	-0.5500	0.9942	-0.5396	0.9806	-1	0.1488	0.1148	1	0.0168	182	
10	  3.0530	  16.6082	-0.5371	0.9736	-0.5386	0.9778	-1	0.1507	0.1141	1	0.0166	183	
10	  3.0698	  16.7765	-0.5347	0.9707	-0.5370	0.9750	-1	0.1492	0.1150	1	0.0168	184	
10	  3.0864	  16.5886	-0.5224	0.9464	-0.5312	0.9636	-1	0.1531	0.1144	1	0.0166	185	
10	  3.1031	  16.7261	-0.4845	0.9944	-0.5125	0.9759	-1	0.1517	0.1165	1	0.0167	186	
10	  3.1198	  16.6862	-0.3128	0.9363	-0.4326	0.9600	-1	0.1491	0.1291	1	0.0167	187	
10	  3.1365	  16.7261	-0.2501	0.9395	-0.3596	0.9518	-1	0.1498	0.1304	1	0.0167	188	
10	  3.1532	  16.6176	-0.2628	0.8963	-0.3209	0.9296	-1	0.1554	0.1275	1	0.0166	189	
10	  3.1699	  16.7502	-0.2496	0.9260	-0.2924	0.9281	-1	0.1522	0.1280	1	0.0168	190	
10	  3.1865	  16.6411	-0.2412	0.9052	-0.2719	0.9190	-1	0.1485	0.1327	1	0.0166	191	
10	  3.2033	  16.7502	-0.2524	0.9373	-0.2641	0.9263	-1	0.1512	0.1305	1	0.0168	192	
10	  3.2199	  16.5966	-0.2377	0.9043	-0.2535	0.9175	-1	0.1504	0.1301	1	0.0166	193	
10	  3.2366	  16.6740	-0.2565	0.9618	-0.2547	0.9352	-1	0.1492	0.1327	1	0.0167	194	
10	  3.2532	  16.6789	-0.2548	0.9578	-0.2548	0.9443	-1	0.1513	0.1288	1	0.0167	195	
10	  3.2699	  16.6796	-0.2523	0.9244	-0.2538	0.9363	-1	0.1497	0.1267	1	0.0167	196	
10	  3.2867	  16.7310	-0.2482	0.9385	-0.2515	0.9372	-1	0.1507	0.1300	1	0.0167	197	
10	  3.3033	  16.6778	-0.2732	0.9867	-0.2602	0.9570	-1	0.1494	0.1290	1	0.0167	198	
10	  3.3200	  16.6593	-0.2361	0.8880	-0.2506	0.9294	-1	0.1501	0.1288	1	0.0167	199	
10	  3.3367	  16.6733	-0.2669	0.9851	-0.2571	0.9517	-1	0.1506	0.1298	1	0.0167	200	
10	  3.3534	  16.7387	-0.2491	0.9461	-0.2539	0.9494	-1	0.1513	0.1300	1	0.0167	201	
10	  3.3700	  16.6316	-0.2491	0.9484	-0.2520	0.9490	-1	0.1480	0.1287	1	0.0166	202	
10	  3.3867	  16.6194	-0.2543	0.9166	-0.2529	0.9361	-1	0.1510	0.1298	1	0.0166	203	
10	  3.4033	  16.6921	-0.2793	0.9807	-0.2635	0.9539	-1	0.1483	0.1304	1	0.0167	204	
10	  3.4201	  16.7331	-0.2625	0.9282	-0.2631	0.9436	-1	0.1506	0.1252	1	0.0167	205	
10	  3.4368	  16.7327	-0.2742	1.0049	-0.2675	0.9682	-1	0.1496	0.1294	1	0.0167	206	
10	  3.4534	  16.5963	-0.2754	0.9653	-0.2707	0.9670	-1	0.1489	0.1284	1	0.0166	207	
12	 3.467226	4 dot -0.9
10	  3.4701	  16.6873	-0.2647	0.9267	-0.2683	0.9509	-1	0.1525	0.1286	1	0.0167	208	
10	  3.4868	  16.7166	-0.2612	0.9174	-0.2654	0.9375	-1	0.1506	0.1311	1	0.0167	209	
10	  3.5035	  16.7002	-0.2566	0.9989	-0.2619	0.9621	-1	0.1467	0.1295	1	0.0167	210	
10	  3.5201	  16.6393	-0.2468	0.9393	-0.2559	0.9529	-1	0.1484	0.1276	1	0.0166	211	
10	  3.5368	  16.6960	-0.2590	0.9546	-0.2571	0.9536	-1	0.1490	0.1302	1	0.0167	212	
10	  3.5536	  16.7135	-0.2398	0.8521	-0.2502	0.9130	-1	0.1549	0.1318	1	0.0167	213	
10	  3.5703	  16.7313	-0.2857	1.0101	-0.2644	0.9518	-1	0.1456	0.1272	1	0.0167	214	
10	  3.5869	  16.5907	-0.2730	0.9806	-0.2678	0.9634	-1	0.1486	0.1301	1	0.0166	215	
10	  3.6036	  16.7285	-0.2881	0.9974	-0.2759	0.9770	-1	0.1505	0.1305	1	0.0167	216	
10	  3.6203	  16.6789	-0.2723	0.9704	-0.2745	0.9743	-1	0.1453	0.1265	1	0.0167	217	
10	  3.6370	  16.7005	-0.2732	0.9882	-0.2740	0.9799	-1	0.1480	0.1290	1	0.0167	218	
10	  3.6537	  16.6757	-0.2621	0.9112	-0.2692	0.9524	-1	0.1535	0.1290	1	0.0167	219	
10	  3.6703	  16.6824	-0.2556	0.9245	-0.2638	0.9412	-1	0.1556	0.1257	1	0.0167	220	
10	  3.6870	  16.6687	-0.3284	0.9551	-0.2896	0.9468	-1	0.1464	0.1274	1	0.0167	221	
10	  3.7038	  16.7726	-0.5047	0.9522	-0.3757	0.9489	-1	0.1487	0.1169	1	0.0168	222	
10	  3.7204	  16.5907	-0.5838	0.9592	-0.4589	0.9531	-1	0.1491	0.1091	1	0.0166	223	
10	  3.7371	  16.7163	-0.6149	1.0195	-0.5213	0.9797	-1	0.1474	0.1094	1	0.0167	224	
10	  3.7538	  16.6596	-0.6003	0.9662	-0.5529	0.9743	-1	0.1503	0.1094	1	0.0167	225	
10	  3.7704	  16.6484	-0.6153	1.0291	-0.5779	0.9962	-1	0.1476	0.1106	1	0.0166	226	
10	  3.7871	  16.7394	-0.6205	1.0194	-0.5949	1.0055	-1	0.1511	0.1091	1	0.0167	227	
10	  3.8037	  16.5784	-0.6103	0.9950	-0.6010	1.0013	-1	0.1522	0.1079	1	0.0166	228	
10	  3.8205	  16.7992	-0.5796	0.9448	-0.5924	0.9787	-1	0.1528	0.1101	1	0.0168	229	
10	  3.8371	  16.6295	-0.6204	1.0044	-0.6036	0.9890	-1	0.1484	0.1052	1	0.0166	230	
10	  3.8539	  16.7586	-0.5900	0.9434	-0.5982	0.9707	-1	0.1545	0.1071	1	0.0168	231	
10	  3.8705	  16.5539	-0.6016	0.9735	-0.5995	0.9718	-1	0.1543	0.1069	1	0.0166	232	
10	  3.8872	  16.7166	-0.5858	0.9472	-0.5941	0.9620	-1	0.1496	0.1102	1	0.0167	233	
10	  3.9039	  16.7219	-0.5954	0.9589	-0.5946	0.9608	-1	0.1512	0.1088	1	0.0167	234	
10	  3.9206	  16.6708	-0.5982	0.9985	-0.5960	0.9759	-1	0.1498	0.1088	1	0.0167	235	
10	  3.9372	  16.6264	-0.6183	1.0139	-0.6050	0.9911	-1	0.1493	0.1070	1	0.0166	236	
10	  3.9539	  16.7033	-0.5839	0.9430	-0.5965	0.9719	-1	0.1533	0.1082	1	0.0167	237	
12	 3.967128	iti
10	  3.9707	  16.7730	-0.5731	0.9542	-0.5871	0.9648	-1	0.1517	0.1089	1	0.0168	238	
10	  3.9873	  16.5949	-0.5956	0.9948	-0.5905	0.9768	-1	0.1523	0.1101	1	0.0166	239	
10	  4.0040	  16.7702	-0.5906	0.9869	-0.5905	0.9808	-1	0.1522	0.1081	1	0.0168	240	
10	  4.0207	  16.6400	-0.5724	0.9496	-0.5833	0.9683	-1	0.1526	0.1107	1	0.0166	241	
10	  4.0374	  16.6995	-0.6208	1.0583	-0.5983	1.0043	-1	0.1491	0.1108	1	0.0167	242	
10	  4.0541	  16.6726	-0.5978	0.9900	-0.5981	0.9986	-1	0.1545	0.1091	1	0.0167	243	
10	  4.0708	  16.7789	-0.5682	0.9306	-0.5861	0.9714	-1	0.1540	0.1093	1	0.0168	244	
10	  4.0875	  16.6330	-0.5178	0.9516	-0.5588	0.9635	-1	0.1530	0.1153	1	0.0166	245	
10	  4.1041	  16.6631	-0.3683	0.9162	-0.4826	0.9445	-1	0.1585	0.1236	1	0.0167	246	
10	  4.1208	  16.6561	-0.2793	0.9560	-0.4013	0.9491	-1	0.1546	0.1309	1	0.0167	247	
10	  4.1376	  16.7873	-0.2732	0.9549	-0.3500	0.9515	-1	0.1559	0.1319	1	0.0168	248	
10	  4.1542	  16.5907	-0.2577	0.8904	-0.3131	0.9270	-1	0.1588	0.1324	1	0.0166	249	
10	  4.1709	  16.6977	-0.2747	0.9881	-0.2977	0.9514	-1	0.1516	0.1327	1	0.0167	250	
10	  4.1875	  16.6726	-0.2625	0.9218	-0.2837	0.9396	-1	0.1551	0.1338	1	0.0167	251	
10	  4.2043	  16.7779	-0.2743	0.9734	-0.2799	0.9531	-1	0.1512	0.1339	1	0.0168	252	
10	  4.2209	  16.5672	-0.2903	0.9149	-0.2840	0.9378	-1	0.1574	0.1312	1	0.0166	253	
10	  4.2376	  16.7646	-0.2804	0.9437	-0.2826	0.9402	-1	0.1552	0.1311	1	0.0168	254	
10	  4.2542	  16.6068	-0.2759	0.9106	-0.2799	0.9283	-1	0.1564	0.1327	1	0.0166	255	
10	  4.2710	  16.7401	-0.2951	0.9696	-0.2860	0.9449	-1	0.1551	0.1320	1	0.0167	256	
10	  4.2876	  16.6194	-0.2687	0.9061	-0.2791	0.9294	-1	0.1592	0.1319	1	0.0166	257	
10	  4.3043	  16.7131	-0.2599	0.9301	-0.2714	0.9296	-1	0.1547	0.1349	1	0.0167	258	
10	  4.3210	  16.6666	-0.2736	0.9516	-0.2723	0.9384	-1	0.1539	0.1355	1	0.0167	259	
10	  4.3376	  16.6568	-0.2603	0.9206	-0.2675	0.9313	-1	0.1571	0.1319	1	0.0167	260	
10	  4.3544	  16.7436	-0.2656	0.9509	-0.2667	0.9392	-1	0.1536	0.1342	1	0.0167	261	
10	  4.3710	  16.6355	-0.3005	0.9807	-0.2802	0.9558	-1	0.1531	0.1310	1	0.0166	262	
10	  4.3877	  16.6498	-0.2829	0.9246	-0.2813	0.9433	-1	0.1590	0.1317	1	0.0166	263	
10	  4.4045	  16.7912	-0.2828	0.9980	-0.2819	0.9652	-1	0.1513	0.1337	1	0.0168	264	
10	  4.4211	  16.6040	-0.2795	0.9545	-0.2809	0.9609	-1	0.1550	0.1362	1	0.0166	265	
10	  4.4378	  16.7320	-0.2959	0.9664	-0.2869	0.9631	-1	0.1573	0.1314	1	0.0167	266	
10	  4.4544	  16.5942	-0.2757	0.9096	-0.2824	0.9417	-1	0.1565	0.1332	1	0.0166	267	
12	 4.467130	5 dot 0.55
10	  4.4711	  16.6820	-0.2669	0.9512	-0.2762	0.9455	-1	0.1532	0.1346	1	0.0167	268	
10	  4.4878	  16.7233	-0.2541	0.8879	-0.2674	0.9225	-1	0.1580	0.1319	1	0.0167	269	
10	  4.5045	  16.7012	-0.2760	0.9592	-0.2708	0.9372	-1	0.1577	0.1338	1	0.0167	270	
10	  4.5211	  16.6393	-0.2913	0.9774	-0.2790	0.9533	-1	0.1553	0.1338	1	0.0166	271	
10	  4.5379	  16.7653	-0.2892	0.9960	-0.2831	0.9704	-1	0.1542	0.1323	1	0.0168	272	
10	  4.5545	  16.6435	-0.2764	0.9417	-0.2804	0.9589	-1	0.1546	0.1347	1	0.0166	273	
10	  4.5713	  16.7408	-0.2859	0.9843	-0.2826	0.9691	-1	0.1534	0.1328	1	0.0167	274	
10	  4.5879	  16.5980	-0.2684	0.9482	-0.2769	0.9607	-1	0.1561	0.1346	1	0.0166	275	
10	  4.6047	  16.7681	-0.2748	0.9606	-0.2761	0.9607	-1	0.1555	0.1332	1	0.0168	276	
10	  4.6213	  16.6250	-0.2671	0.9119	-0.2725	0.9412	-1	0.1600	0.1333	1	0.0334	277	
10	  4.6380	  16.7173	-0.2946	0.9185	-0.2813	0.9321	-1	0.1596	0.1297	1	0.0501	278	
10	  4.6547	  16.6579	-0.2815	0.9124	-0.2814	0.9242	-1	0.1575	0.1314	1	0.0668	279	
10	  4.6714	  16.7502	-0.2269	0.9561	-0.2596	0.9370	-1	0.1531	0.1363	1	0.0835	280	
10	  4.6880	  16.6239	-0.0786	0.9699	-0.1872	0.9501	-1	0.1553	0.1409	1	0.1001	281	
10	  4.7047	  16.7166	-0.0238	1.0484	-0.1218	0.9894	-1	0.1483	0.1400	1	0.0167	282	
10	  4.7214	  16.6551	-0.0299	0.9778	-0.0850	0.9848	-1	0.1548	0.1373	1	0.0167	283	
10	  4.7381	  16.7040	-0.0150	0.9864	-0.0570	0.9854	-1	0.1505	0.1391	1	0.0167	284	
10	  4.7548	  16.6733	-0.0209	0.9977	-0.0426	0.9903	-1	0.1521	0.1399	1	0.0167	285	
10	  4.7715	  16.7324	-0.0322	0.9635	-0.0384	0.9796	-1	0.1550	0.1368	1	0.0167	286	
10	  4.7881	  16.5900	0.0020	0.9206	-0.0223	0.9560	-1	0.1561	0.1381	1	0.0166	287	
10	  4.8048	  16.6806	-0.0160	0.9677	-0.0198	0.9607	-1	0.1534	0.1404	1	0.0167	288	
10	  4.8215	  16.7404	-0.0261	0.9609	-0.0223	0.9608	-1	0.1539	0.1387	1	0.0167	289	
10	  4.8381	  16.6190	0.0041	0.9725	-0.0117	0.9655	-1	0.1522	0.1397	1	0.0166	290	
10	  4.8551	  17.0057	-0.0072	0.9489	-0.0099	0.9588	-1	0.1556	0.1404	1	0.0170	291	
10	  4.8715	  16.4003	-0.0445	1.0054	-0.0238	0.9775	-1	0.1552	0.1369	1	0.0164	292	
10	  4.8882	  16.6785	-0.0184	0.9960	-0.0216	0.9849	-1	0.1531	0.1383	1	0.0167	293	
10	  4.9049	  16.7184	-0.0152	1.0166	-0.0191	0.9976	-1	0.1544	0.1401	1	0.0167	294	
10	  4.9215	  16.5690	-0.0285	0.9794	-0.0228	0.9903	-1	0.1533	0.1377	1	0.0166	295	
10	  4.9383	  16.7856	-0.0337	1.0070	-0.0272	0.9970	-1	0.1523	0.1391	1	0.0168	296	
10	  4.9549	  16.6376	-0.0233	0.9611	-0.0256	0.9826	-1	0.1555	0.1403	1	0.0166	297	
12	 4.966918	iti
10	  4.9717	  16.7296	-0.0324	0.9616	-0.0283	0.9742	-1	0.1541	0.1365	1	0.0167	298	
10	  4.9883	  16.5935	-0.0028	0.9082	-0.0181	0.9478	-1	0.1547	0.1405	1	0.0166	299	
10	  5.0051	  16.7999	-0.0032	0.9076	-0.0121	0.9317	-1	0.1580	0.1390	1	0.0168	300	
10	  5.0217	  16.6271	0.0225	0.8841	0.0017	0.9127	-1	0.1570	0.1398	1	0.0166	301	
10	  5.0384	  16.6824	-0.0030	0.9481	-0.0002	0.9268	-1	0.1561	0.1389	1	0.0167	302	
10	  5.0550	  16.6432	0.0163	0.9073	0.0064	0.9190	-1	0.1571	0.1391	1	0.0166	303	
10	  5.0718	  16.7663	0.0119	0.9391	0.0086	0.9270	-1	0.1532	0.1416	1	0.0168	304	
10	  5.0884	  16.6075	-0.0105	0.9661	0.0010	0.9427	-1	0.1534	0.1398	1	0.0166	305	
10	  5.1051	  16.7317	-0.0057	0.9454	-0.0017	0.9437	-1	0.1551	0.1395	1	0.0167	306	
10	  5.1218	  16.6726	0.0159	0.9100	0.0054	0.9303	-1	0.1596	0.1403	1	0.0167	307	
10	  5.1385	  16.7047	-0.0106	1.0147	-0.0010	0.9640	-1	0.1525	0.1387	1	0.0167	308	
10	  5.1551	  16.6544	-0.0273	0.9044	-0.0116	0.9402	-1	0.1584	0.1417	1	0.0167	309	
10	  5.1719	  16.7170	-0.1972	0.8912	-0.0858	0.9206	-1	0.1609	0.1340	1	0.0167	310	
10	  5.1885	  16.6551	-0.2280	0.8018	-0.1427	0.8731	-1	0.1679	0.1344	1	0.0167	311	
10	  5.2052	  16.7208	-0.2342	0.8437	-0.1793	0.8613	-1	0.1613	0.1345	1	0.0167	312	
10	  5.2219	  16.6250	-0.2312	0.8631	-0.2001	0.8621	-1	0.1628	0.1338	1	0.0166	313	
10	  5.2386	  16.7642	-0.2359	0.8262	-0.2144	0.8477	-1	0.1647	0.1346	1	0.0168	314	
10	  5.2552	  16.6071	-0.2491	0.8592	-0.2283	0.8523	-1	0.1625	0.1339	1	0.0166	315	
10	  5.2720	  16.7614	-0.2390	0.8952	-0.2326	0.8695	-1	0.1580	0.1342	1	0.0168	316	
10	  5.2887	  16.7044	-0.2446	0.8530	-0.2374	0.8629	-1	0.1612	0.1337	1	0.0167	317	
10	  5.3053	  16.5938	-0.2840	0.9401	-0.2561	0.8938	-1	0.1564	0.1313	1	0.0166	318	
10	  5.3220	  16.6708	-0.2639	0.9028	-0.2592	0.8974	-1	0.1589	0.1325	1	0.0167	319	
10	  5.3387	  16.6974	-0.2454	0.9096	-0.2537	0.9023	-1	0.1571	0.1336	1	0.0167	320	
10	  5.3554	  16.6970	-0.2633	0.9104	-0.2575	0.9055	-1	0.1572	0.1319	1	0.0167	321	
10	  5.3721	  16.6935	-0.2435	0.9079	-0.2519	0.9065	-1	0.1556	0.1313	1	0.0167	322	
10	  5.3887	  16.6621	-0.2630	0.8842	-0.2564	0.8975	-1	0.1595	0.1329	1	0.0167	323	
10	  5.4054	  16.7142	-0.2926	0.9240	-0.2708	0.9081	-1	0.1545	0.1285	1	0.0167	324	
10	  5.4221	  16.6638	-0.2436	0.8676	-0.2600	0.8919	-1	0.1571	0.1337	1	0.0167	325	
10	  5.4388	  16.6603	-0.2734	0.9727	-0.2653	0.9242	-1	0.1529	0.1338	1	0.0167	326	
10	  5.4554	  16.6726	-0.2809	0.8958	-0.2716	0.9129	-1	0.1595	0.1312	1	0.0167	327	
12	 5.466891	6 dot -0.55
10	  5.4722	  16.7506	-0.2678	0.9324	-0.2701	0.9207	-1	0.1564	0.1315	1	0.0168	328	
10	  5.4888	  16.6085	-0.2626	0.9400	-0.2671	0.9284	-1	0.1541	0.1326	1	0.0166	329	
10	  5.5055	  16.7173	-0.2920	0.9816	-0.2771	0.9497	-1	0.1518	0.1304	1	0.0167	330	
10	  5.5222	  16.7131	-0.2752	0.9489	-0.2763	0.9494	-1	0.1541	0.1327	1	0.0167	331	
10	  5.5389	  16.6747	-0.2735	0.9664	-0.2752	0.9562	-1	0.1528	0.1306	1	0.0334	332	
10	  5.5555	  16.6117	-0.3000	0.9675	-0.2851	0.9607	-1	0.1537	0.1277	1	0.0500	333	
10	  5.5722	  16.7306	-0.2683	0.9389	-0.2784	0.9520	-1	0.1542	0.1297	1	0.0667	334	
10	  5.5889	  16.6817	-0.2716	0.9389	-0.2757	0.9468	-1	0.1560	0.1302	1	0.0834	335	
10	  5.6056	  16.7324	-0.2765	0.9834	-0.2760	0.9614	-1	0.1521	0.1289	1	0.1001	336	
10	  5.6223	  16.6050	-0.2642	0.9531	-0.2713	0.9581	-1	0.1551	0.1326	1	0.1167	337	
10	  5.6390	  16.7635	-0.2811	0.9878	-0.2752	0.9700	-1	0.1518	0.1315	1	0.1335	338	
10	  5.6557	  16.6561	-0.2898	0.9552	-0.2810	0.9641	-1	0.1535	0.1306	1	0.1502	339	
10	  5.6724	  16.7191	-0.3944	1.0214	-0.3264	0.9870	-1	0.1492	0.1245	1	0.1669	340	
10	  5.6890	  16.5928	-0.4717	0.9360	-0.3845	0.9666	-1	0.1533	0.1187	1	0.0166	341	
10	  5.7058	  16.7814	-0.4524	0.8966	-0.4117	0.9386	-1	0.1603	0.1187	1	0.0168	342	
10	  5.7224	  16.6418	-0.4704	0.9599	-0.4352	0.9471	-1	0.1549	0.1209	1	0.0166	343	
10	  5.7391	  16.7163	-0.4600	0.9059	-0.4451	0.9306	-1	0.1630	0.1193	1	0.0167	344	
10	  5.7557	  16.6103	-0.4451	0.8706	-0.4451	0.9066	-1	0.1612	0.1203	1	0.0166	345	
10	  5.7724	  16.6677	-0.4747	0.9601	-0.4569	0.9280	-1	0.1576	0.1195	1	0.0167	346	
10	  5.7891	  16.7247	-0.4788	0.9283	-0.4657	0.9282	-1	0.1595	0.1179	1	0.0167	347	
10	  5.8058	  16.7131	-0.4530	0.9464	-0.4606	0.9355	-1	0.1565	0.1222	1	0.0167	348	
10	  5.8225	  16.6736	-0.4720	0.9503	-0.4652	0.9414	-1	0.1564	0.1202	1	0.0167	349	
10	  5.8391	  16.6117	-0.4798	0.9585	-0.4710	0.9482	-1	0.1562	0.1203	1	0.0166	350	
10	  5.8558	  16.6963	-0.4627	0.9073	-0.4677	0.9318	-1	0.1571	0.1221	1	0.0167	351	
10	  5.8726	  16.7313	-0.4656	0.9238	-0.4669	0.9286	-1	0.1594	0.1199	1	0.0167	352	
10	  5.8892	  16.6610	-0.4644	0.8502	-0.4659	0.8973	-1	0.1654	0.1154	1	0.0167	353	
10	  5.9059	  16.7110	-0.4611	0.9377	-0.4639	0.9135	-1	0.1567	0.1211	1	0.0167	354	
10	  5.9226	  16.6418	-0.4694	0.9330	-0.4661	0.9213	-1	0.1548	0.1208	1	0.0166	355	
10	  5.9393	  16.7156	-0.4836	0.9640	-0.4731	0.9383	-1	0.1572	0.1196	1	0.0167	356	
10	  5.9560	  16.6817	-0.4541	0.8886	-0.4655	0.9184	-1	0.1604	0.1202	1	0.0167	357	
12	 5.966859	iti
10	  5.9726	  16.6579	-0.4430	0.8935	-0.4565	0.9085	-1	0.1628	0.1209	1	0.0167	358	
10	  5.9892	  16.5375	-0.4541	0.8457	-0.4555	0.8834	-1	0.1666	0.1172	1	0.0165	359	
10	  6.0059	  16.7268	-0.4542	0.8990	-0.4550	0.8896	-1	0.1613	0.1195	1	0.0167	360	
10	  6.0226	  16.7376	-0.4532	0.8910	-0.4543	0.8902	-1	0.1612	0.1221	1	0.0167	361	
10	  6.0394	  16.7499	-0.4912	1.0060	-0.4691	0.9365	-1	0.1560	0.1214	1	0.0335	362	
10	  6.0559	  16.5336	-0.4645	0.9332	-0.4672	0.9352	-1	0.1603	0.1214	1	0.0165	363	
10	  6.0727	  16.8237	-0.4635	0.8993	-0.4658	0.9208	-1	0.1595	0.1207	1	0.0168	364	
10	  6.0894	  16.6421	-0.4638	0.8813	-0.4650	0.9050	-1	0.1622	0.1184	1	0.0166	365	
10	  6.1061	  16.7299	-0.4942	0.9702	-0.4767	0.9311	-1	0.1526	0.1203	1	0.0167	366	
10	  6.1227	  16.5529	1.3031	1.8216	0.2353	1.2873	-1	0.0240	0.0232	1	0.0000	367	
10	  6.1395	  16.8244	-0.6942	2.4553	-0.1365	1.7545	-1	0.1160	0.0672	1	0.0000	368	
10	  6.1562	  16.6750	-0.7197	2.5344	-0.3698	2.0665	-1	0.1145	0.0650	1	0.0000	369	
10	  6.1729	  16.6988	-0.6595	2.2584	-0.4857	2.1432	-1	0.1210	0.0757	1	0.0000	370	
10	  6.1894	  16.5924	-0.4172	1.5943	-0.4583	1.9236	-1	0.1378	0.1046	1	0.0000	371	
10	  6.2063	  16.8213	-0.3590	1.3117	-0.4186	1.6789	-1	0.1470	0.1212	1	0.0000	372	
10	  6.2229	  16.6183	-0.3139	1.0252	-0.3767	1.4174	-1	0.1515	0.1310	1	0.0000	373	
10	  6.2396	  16.7051	-0.2757	0.8730	-0.3363	1.1996	-1	0.1610	0.1352	1	0.0000	374	
10	  6.2563	  16.7541	-0.2669	0.8417	-0.3085	1.0565	-1	0.1635	0.1392	1	0.0000	375	
10	  6.2730	  16.6547	-0.2575	0.8470	-0.2881	0.9727	-1	0.1640	0.1354	1	0.0167	376	
10	  6.2896	  16.6337	-0.2506	0.8184	-0.2731	0.9110	-1	0.1654	0.1314	1	0.0333	377	
10	  6.3064	  16.7180	-0.2590	0.8816	-0.2675	0.8992	-1	0.1653	0.1365	1	0.0167	378	
10	  6.3229	  16.5518	-0.2693	0.8409	-0.2682	0.8759	-1	0.1648	0.1346	1	0.0166	379	
10	  6.3397	  16.8066	-0.2699	0.9234	-0.2689	0.8949	-1	0.1605	0.1327	1	0.0168	380	
10	  6.3564	  16.6719	-0.2534	0.8745	-0.2627	0.8867	-1	0.1637	0.1369	1	0.0167	381	
10	  6.3730	  16.5760	-0.2721	0.9732	-0.2664	0.9213	-1	0.1572	0.1341	1	0.0166	382	
10	  6.3898	  16.8902	-0.2564	0.9114	-0.2624	0.9173	-1	0.1609	0.1344	1	0.0169	383	
10	  6.4064	  16.5273	-0.2641	0.9773	-0.2631	0.9413	-1	0.1563	0.1354	1	0.0165	384	
10	  6.4231	  16.7397	-0.2657	0.9478	-0.2641	0.9439	-1	0.1537	0.1365	1	0.0167	385	
10	  6.4397	  16.6309	-0.2728	0.8699	-0.2676	0.9143	-1	0.1633	0.1328	1	0.0166	386	
10	  6.4564	  16.6806	-0.2555	0.9254	-0.2628	0.9187	-1	0.1581	0.1381	1	0.0167	387	
12	 6.466806	7 dot 0.375
10	  6.4731	  16.6914	-0.2740	0.9888	-0.2673	0.9467	-1	0.1547	0.1360	1	0.0167	388	
10	  6.4898	  16.6600	-0.2565	0.9399	-0.2630	0.9440	-1	0.1574	0.1360	1	0.0167	389	
10	  6.5065	  16.7334	-0.2445	0.9138	-0.2556	0.9319	-1	0.1610	0.1382	1	0.0167	390	
10	  6.5230	  16.5049	-0.2451	0.8847	-0.2514	0.9130	-1	0.1612	0.1368	1	0.0165	391	
10	  6.5399	  16.8521	-0.2601	0.9079	-0.2549	0.9110	-1	0.1552	0.1352	1	0.0169	392	
10	  6.5565	  16.5886	-0.2634	0.9523	-0.2583	0.9275	-1	0.1575	0.1375	1	0.0166	393	
10	  6.5733	  16.8171	-0.2589	0.9459	-0.2585	0.9348	-1	0.1606	0.1330	1	0.0168	394	
10	  6.5899	  16.6512	-0.2680	0.9110	-0.2623	0.9253	-1	0.1584	0.1334	1	0.0167	395	
10	  6.6066	  16.7075	-0.2529	0.9832	-0.2585	0.9484	-1	0.1577	0.1367	1	0.0167	396	
10	  6.6232	  16.6075	-0.2644	0.9407	-0.2609	0.9453	-1	0.1583	0.1366	1	0.0166	397	
10	  6.6400	  16.7681	-0.2588	0.9388	-0.2600	0.9427	-1	0.1591	0.1332	1	0.0168	398	
10	  6.6567	  16.6530	-0.2608	0.9584	-0.2603	0.9490	-1	0.1578	0.1361	1	0.0167	399	
10	  6.6734	  16.7198	-0.2005	0.9822	-0.2364	0.9623	-1	0.1591	0.1379	1	0.0167	400	
10	  6.6900	  16.6386	-0.1187	0.9469	-0.1893	0.9561	-1	0.1575	0.1437	1	0.0166	401	
10	  6.7068	  16.7359	-0.1337	0.9549	-0.1671	0.9556	-1	0.1580	0.1427	1	0.0167	402	
10	  6.7234	  16.6355	-0.1237	0.9740	-0.1497	0.9630	-1	0.1574	0.1430	1	0.0166	403	
10	  6.7401	  16.6911	-0.1479	0.9781	-0.1490	0.9690	-1	0.1592	0.1374	1	0.0167	404	
10	  6.7568	  16.6698	-0.1411	0.9649	-0.1459	0.9674	-1	0.1606	0.1406	1	0.0167	405	
10	  6.7735	  16.7380	-0.1541	0.9645	-0.1491	0.9662	-1	0.1561	0.1412	1	0.0167	406	
10	  6.7901	  16.5959	-0.1503	0.9252	-0.1496	0.9498	-1	0.1627	0.1397	1	0.0166	407	
10	  6.8068	  16.7611	-0.1486	0.9532	-0.1492	0.9512	-1	0.1608	0.1409	1	0.0168	408	
10	  6.8235	  16.6544	-0.1467	0.9165	-0.1482	0.9373	-1	0.1605	0.1393	1	0.0167	409	
10	  6.8402	  16.7012	-0.1448	0.9691	-0.1468	0.9500	-1	0.1589	0.1398	1	0.0167	410	
10	  6.8568	  16.5788	-0.1387	0.9024	-0.1436	0.9310	-1	0.1606	0.1424	1	0.0166	411	
10	  6.8736	  16.7992	-0.1279	0.9758	-0.1373	0.9489	-1	0.1539	0.1442	1	0.0168	412	
10	  6.8903	  16.6712	-0.1141	0.9538	-0.1280	0.9508	-1	0.1575	0.1383	1	0.0167	413	
10	  6.9069	  16.6631	-0.1284	0.9868	-0.1282	0.9652	-1	0.1555	0.1410	1	0.0167	414	
10	  6.9236	  16.7009	-0.1314	1.0055	-0.1295	0.9813	-1	0.1538	0.1433	1	0.0167	415	
10	  6.9402	  16.6253	-0.1674	0.9721	-0.1446	0.9776	-1	0.1580	0.1394	1	0.0166	416	
10	  6.9570	  16.7593	-0.1317	1.0000	-0.1395	0.9866	-1	0.1542	0.1406	1	0.0168	417	
12	 6.966743	iti
10	  6.9736	  16.6117	-0.1165	0.9680	-0.1303	0.9791	-1	0.1544	0.1434	1	0.0166	418	
10	  6.9903	  16.6365	-0.1253	0.9915	-0.1283	0.9841	-1	0.1563	0.1413	1	0.0166	419	
10	  7.0070	  16.7390	-0.1243	0.9879	-0.1267	0.9856	-1	0.1519	0.1408	1	0.0167	420	
10	  7.0237	  16.7110	-0.1242	0.9643	-0.1257	0.9771	-1	0.1578	0.1423	1	0.0167	421	
10	  7.0404	  16.6974	-0.1359	1.0021	-0.1298	0.9871	-1	0.1554	0.1404	1	0.0167	422	
10	  7.0570	  16.6085	-0.1333	0.9944	-0.1312	0.9900	-1	0.1567	0.1393	1	0.0166	423	
10	  7.0738	  16.7663	-0.1185	0.9722	-0.1261	0.9829	-1	0.1548	0.1440	1	0.0168	424	
10	  7.0904	  16.5893	-0.1421	1.0064	-0.1325	0.9923	-1	0.1570	0.1381	1	0.0166	425	
10	  7.1071	  16.7516	-0.1428	1.0276	-0.1366	1.0064	-1	0.1545	0.1399	1	0.0168	426	
10	  7.1238	  16.6579	-0.1969	0.9908	-0.1607	1.0002	-1	0.1568	0.1378	1	0.0167	427	
10	  7.1405	  16.7026	-0.2880	0.9364	-0.2117	0.9746	-1	0.1594	0.1313	1	0.0167	428	
10	  7.1571	  16.6691	-0.2682	0.9427	-0.2343	0.9619	-1	0.1564	0.1339	1	0.0167	429	
10	  7.1738	  16.7012	-0.2945	0.9549	-0.2584	0.9591	-1	0.1611	0.1327	1	0.0167	430	
10	  7.1905	  16.6106	-0.2867	0.9678	-0.2697	0.9626	-1	0.1596	0.1329	1	0.0166	431	
10	  7.2073	  16.8486	-0.2968	0.9718	-0.2805	0.9663	-1	0.1581	0.1342	1	0.0168	432	
10	  7.2239	  16.5595	-0.2873	0.9464	-0.2832	0.9583	-1	0.1591	0.1354	1	0.0166	433	
10	  7.2406	  16.7625	-0.2811	0.9230	-0.2824	0.9442	-1	0.1615	0.1341	1	0.0168	434	
10	  7.2573	  16.6383	-0.2804	0.9327	-0.2816	0.9396	-1	0.1585	0.1334	1	0.0166	435	
10	  7.2740	  16.7201	-0.2741	0.9468	-0.2786	0.9424	-1	0.1580	0.1377	1	0.0167	436	
10	  7.2906	  16.6064	-0.2771	0.9449	-0.2780	0.9434	-1	0.1567	0.1366	1	0.0166	437	
10	  7.3074	  16.7845	-0.2865	0.9752	-0.2814	0.9561	-1	0.1543	0.1327	1	0.0334	438	
10	  7.3240	  16.5994	-0.2943	0.9698	-0.2866	0.9616	-1	0.1568	0.1341	1	0.0500	439	
10	  7.3407	  16.7593	-0.3116	1.0168	-0.2966	0.9837	-1	0.1516	0.1321	1	0.0667	440	
10	  7.3574	  16.6390	-0.2840	0.9262	-0.2915	0.9607	-1	0.1604	0.1321	1	0.0166	441	
10	  7.3741	  16.7023	-0.3019	1.0532	-0.2957	0.9977	-1	0.1548	0.1344	1	0.0167	442	
10	  7.3907	  16.6582	-0.3229	1.0137	-0.3066	1.0041	-1	0.1556	0.1335	1	0.0167	443	
10	  7.4074	  16.6789	-0.3103	0.9993	-0.3081	1.0022	-1	0.1554	0.1342	1	0.0167	444	
10	  7.4241	  16.6796	-0.2948	0.9757	-0.3028	0.9916	-1	0.1593	0.1343	1	0.0167	445	
10	  7.4407	  16.6439	-0.3114	0.9979	-0.3062	0.9941	-1	0.1558	0.1326	1	0.0166	446	
10	  7.4574	  16.6995	-0.2896	0.9509	-0.2996	0.9768	-1	0.1562	0.1335	1	0.0167	447	
12	 7.466669	8 dot 0.7249999999999999
10	  7.4742	  16.7257	-0.2881	1.0158	-0.2950	0.9924	-1	0.1559	0.1327	1	0.0167	448	
10	  7.4908	  16.6617	-0.2964	0.9690	-0.2956	0.9830	-1	0.1591	0.1342	1	0.0167	449	
10	  7.5075	  16.7107	-0.2875	0.9623	-0.2923	0.9748	-1	0.1547	0.1315	1	0.0167	450	
10	  7.5242	  16.7135	-0.2841	0.9782	-0.2890	0.9761	-1	0.1575	0.1329	1	0.0167	451	
10	  7.5409	  16.6141	-0.2877	0.9987	-0.2885	0.9852	-1	0.1561	0.1353	1	0.0166	452	
10	  7.5576	  16.7432	-0.2942	0.9404	-0.2908	0.9673	-1	0.1591	0.1314	1	0.0167	453	
10	  7.5742	  16.6295	-0.2959	0.9888	-0.2928	0.9759	-1	0.1547	0.1329	1	0.0166	454	
10	  7.5909	  16.6421	-0.2788	0.8964	-0.2872	0.9441	-1	0.1602	0.1329	1	0.0166	455	
10	  7.6076	  16.7656	-0.2901	0.9681	-0.2884	0.9537	-1	0.1558	0.1342	1	0.0168	456	
10	  7.6243	  16.6421	-0.2702	0.9443	-0.2811	0.9499	-1	0.1585	0.1345	1	0.0166	457	
10	  7.6410	  16.6988	-0.2895	0.9928	-0.2845	0.9671	-1	0.1548	0.1355	1	0.0167	458	
10	  7.6577	  16.6824	-0.3044	0.9537	-0.2924	0.9617	-1	0.1584	0.1311	1	0.0167	459	
10	  7.6743	  16.6768	-0.2445	0.9688	-0.2733	0.9646	-1	0.1561	0.1342	1	0.0167	460	
10	  7.6910	  16.6859	-0.0694	0.9089	-0.1917	0.9423	-1	0.1588	0.1420	1	0.0167	461	
10	  7.7077	  16.6880	0.0574	0.9865	-0.0921	0.9600	-1	0.1521	0.1454	1	0.0000	462	
10	  7.7244	  16.6586	0.0638	0.9627	-0.0297	0.9611	-1	0.1561	0.1400	1	0.0167	463	
10	  7.7411	  16.7163	0.0505	0.9838	0.0024	0.9702	-1	0.1544	0.1451	1	0.0334	464	
10	  7.7578	  16.6712	0.0365	0.9544	0.0160	0.9639	-1	0.1563	0.1412	1	0.0167	465	
10	  7.7745	  16.7327	0.0378	0.9541	0.0247	0.9599	-1	0.1558	0.1415	1	0.0167	466	
10	  7.7911	  16.6127	0.0456	0.9531	0.0331	0.9572	-1	0.1552	0.1419	1	0.0166	467	
10	  7.8079	  16.7646	0.0467	0.9193	0.0385	0.9421	-1	0.1579	0.1411	1	0.0168	468	
10	  7.8245	  16.5896	0.0450	0.9223	0.0411	0.9342	-1	0.1585	0.1411	1	0.0166	469	
10	  7.8412	  16.7653	0.0392	0.9590	0.0403	0.9441	-1	0.1558	0.1426	1	0.0168	470	
10	  7.8579	  16.6502	0.0354	0.9210	0.0384	0.9349	-1	0.1611	0.1401	1	0.0167	471	
10	  7.8746	  16.6942	0.0384	0.9642	0.0384	0.9466	-1	0.1548	0.1435	1	0.0167	472	
10	  7.8912	  16.6722	0.0550	0.9654	0.0450	0.9541	-1	0.1580	0.1483	1	0.0167	473	
10	  7.9080	  16.7177	0.0258	0.9792	0.0373	0.9641	-1	0.1565	0.1424	1	0.0167	474	
10	  7.9246	  16.6572	0.0478	0.9459	0.0415	0.9569	-1	0.1581	0.1448	1	0.0167	475	
10	  7.9412	  16.6152	0.0369	1.0277	0.0397	0.9852	-1	0.1548	0.1430	1	0.0166	476	
10	  7.9580	  16.7656	0.0780	0.9137	0.0550	0.9566	-1	0.1553	0.1470	1	0.0168	477	
12	 7.966660	iti
10	  7.9747	  16.6673	0.0474	0.9593	0.0519	0.9577	-1	0.1555	0.1439	1	0.0167	478	
10	  7.9913	  16.6582	0.0220	0.9579	0.0399	0.9578	-1	0.1566	0.1442	1	0.0167	479	
10	  8.0080	  16.7065	0.0361	0.9640	0.0384	0.9603	-1	0.1551	0.1450	1	0.0167	480	
10	  8.0247	  16.6600	0.0211	0.9426	0.0315	0.9532	-1	0.1589	0.1442	1	0.0167	481	
10	  8.0414	  16.7072	0.0382	0.9640	0.0342	0.9575	-1	0.1537	0.1429	1	0.0167	482	
10	  8.0580	  16.6173	0.0383	0.9426	0.0358	0.9516	-1	0.1568	0.1450	1	0.0166	483	
10	  8.0747	  16.7159	0.0238	0.9365	0.0310	0.9455	-1	0.1564	0.1461	1	0.0167	484	
10	  8.0914	  16.6526	0.0208	0.9397	0.0269	0.9432	-1	0.1565	0.1437	1	0.0167	485	
10	  8.1081	  16.7614	-0.0010	1.0031	0.0158	0.9672	-1	0.1531	0.1411	1	0.0168	486	
10	  8.1247	  16.5952	-0.2371	1.2027	-0.0854	1.0614	-1	0.1955	0.1325	1	0.0000	487	
10	  8.1415	  16.7719	-0.0218	1.0031	-0.0600	1.0381	-1	0.1542	0.1422	1	0.0168	488	
10	  8.1581	  16.5914	-0.1973	0.9439	-0.1149	1.0004	-1	0.1592	0.1364	1	0.0334	489	
10	  8.1748	  16.7446	-0.2465	0.9260	-0.1676	0.9707	-1	0.1584	0.1364	1	0.0167	490	
10	  8.1914	  16.5963	-0.2859	0.9831	-0.2149	0.9756	-1	0.1578	0.1368	1	0.0166	491	
10	  8.2082	  16.8006	-0.2881	0.9752	-0.2442	0.9754	-1	0.1598	0.1368	1	0.0168	492	
10	  8.2249	  16.6372	-0.2660	0.9529	-0.2529	0.9664	-1	0.1615	0.1358	1	0.0166	493	
10	  8.2416	  16.7555	-0.2609	0.8891	-0.2561	0.9355	-1	0.1619	0.1345	1	0.0168	494	
10	  8.2583	  16.6288	-0.2667	0.9571	-0.2603	0.9441	-1	0.1591	0.1362	1	0.0166	495	
10	  8.2750	  16.7264	-0.2662	0.9902	-0.2627	0.9626	-1	0.1575	0.1328	1	0.0167	496	
10	  8.2916	  16.6194	-0.2693	0.9579	-0.2653	0.9607	-1	0.1604	0.1355	1	0.0166	497	
10	  8.3083	  16.6845	-0.2732	0.9686	-0.2685	0.9639	-1	0.1605	0.1355	1	0.0167	498	
10	  8.3250	  16.6970	-0.2787	0.9417	-0.2726	0.9550	-1	0.1608	0.1363	1	0.0167	499	
10	  8.3417	  16.6970	-0.2662	0.9418	-0.2700	0.9497	-1	0.1616	0.1354	1	0.0167	500	
10	  8.3583	  16.6397	-0.2739	0.9127	-0.2716	0.9349	-1	0.1609	0.1381	1	0.0166	501	
10	  8.3750	  16.6778	-0.2816	0.9117	-0.2756	0.9257	-1	0.1612	0.1351	1	0.0167	502	
10	  8.3917	  16.7023	-0.2561	0.9147	-0.2678	0.9213	-1	0.1602	0.1381	1	0.0167	503	
10	  8.4084	  16.6894	-0.2628	0.9493	-0.2658	0.9325	-1	0.1582	0.1367	1	0.0167	504	
10	  8.4251	  16.6792	-0.2841	0.9548	-0.2731	0.9414	-1	0.1585	0.1383	1	0.0167	505	
10	  8.4418	  16.7121	-0.2758	0.9547	-0.2742	0.9467	-1	0.1595	0.1349	1	0.0167	506	
10	  8.4584	  16.6498	-0.2591	0.9024	-0.2681	0.9290	-1	0.1609	0.1377	1	0.0166	507	
12	 8.466573	9 dot 0.2
10	  8.4751	  16.6610	-0.2633	0.9479	-0.2662	0.9365	-1	0.1567	0.1357	1	0.0167	508	
10	  8.4918	  16.7422	-0.2733	0.9398	-0.2690	0.9379	-1	0.1599	0.1352	1	0.0167	509	
10	  8.5084	  16.5781	-0.2870	1.0524	-0.2762	0.9837	-1	0.1570	0.1347	1	0.0166	510	
10	  8.5252	  16.8010	-0.2675	0.9712	-0.2727	0.9787	-1	0.1599	0.1339	1	0.0168	511	
10	  8.5419	  16.6281	-0.2807	0.9705	-0.2759	0.9754	-1	0.1588	0.1345	1	0.0166	512	
10	  8.5586	  16.7590	-0.2712	0.9255	-0.2740	0.9554	-1	0.1619	0.1367	1	0.0168	513	
10	  8.5752	  16.5620	-0.2940	0.9762	-0.2820	0.9637	-1	0.1581	0.1328	1	0.0166	514	
10	  8.5919	  16.7117	-0.2718	0.8835	-0.2779	0.9316	-1	0.1653	0.1352	1	0.0167	515	
10	  8.6086	  16.7492	-0.2631	0.9606	-0.2720	0.9432	-1	0.1592	0.1354	1	0.0167	516	
10	  8.6252	  16.5900	-0.2714	0.9539	-0.2717	0.9475	-1	0.1603	0.1386	1	0.0166	517	
10	  8.6419	  16.6572	-0.2762	0.9506	-0.2735	0.9487	-1	0.1595	0.1354	1	0.0167	518	
10	  8.6587	  16.7999	-0.2775	0.9344	-0.2751	0.9430	-1	0.1616	0.1342	1	0.0168	519	
10	  8.6755	  16.8318	-0.2669	0.9815	-0.2718	0.9584	-1	0.1588	0.1369	1	0.0168	520	
10	  8.6920	  16.4573	-0.2699	0.9230	-0.2710	0.9442	-1	0.1616	0.1345	1	0.0165	521	
10	  8.7087	  16.7026	-0.2705	0.9508	-0.2708	0.9469	-1	0.1611	0.1385	1	0.0167	522	
10	  8.7254	  16.7117	-0.2233	0.9522	-0.2518	0.9490	-1	0.1598	0.1394	1	0.0167	523	
10	  8.7421	  16.6960	-0.2135	0.9317	-0.2365	0.9421	-1	0.1619	0.1389	1	0.0167	524	
10	  8.7588	  16.6715	-0.2190	0.9277	-0.2295	0.9363	-1	0.1631	0.1411	1	0.0167	525	
10	  8.7754	  16.6292	-0.2228	0.9462	-0.2268	0.9403	-1	0.1626	0.1381	1	0.0166	526	
10	  8.7921	  16.7187	-0.1922	0.8874	-0.2130	0.9191	-1	0.1635	0.1411	1	0.0167	527	
10	  8.8088	  16.6792	-0.2133	0.9379	-0.2131	0.9266	-1	0.1587	0.1405	1	0.0167	528	
10	  8.8254	  16.5851	-0.2118	0.9507	-0.2126	0.9362	-1	0.1594	0.1418	1	0.0166	529	
10	  8.8421	  16.7754	-0.1965	0.9253	-0.2061	0.9319	-1	0.1577	0.1420	1	0.0168	530	
10	  8.8589	  16.7243	-0.1924	0.9187	-0.2006	0.9266	-1	0.1628	0.1421	1	0.0167	531	
10	  8.8756	  16.7306	-0.2226	0.9867	-0.2094	0.9507	-1	0.1604	0.1423	1	0.0167	532	
10	  8.8922	  16.6334	-0.2002	0.8897	-0.2057	0.9263	-1	0.1624	0.1411	1	0.0166	533	
10	  8.9090	  16.7744	-0.2229	0.9597	-0.2126	0.9396	-1	0.1610	0.1424	1	0.0168	534	
10	  8.9256	  16.6113	-0.2211	0.9587	-0.2160	0.9473	-1	0.1627	0.1414	1	0.0166	535	
10	  8.9423	  16.6963	-0.1926	0.8948	-0.2066	0.9263	-1	0.1629	0.1424	1	0.0167	536	
10	  8.9590	  16.6712	-0.2085	0.9213	-0.2074	0.9243	-1	0.1616	0.1406	1	0.0167	537	
12	 8.966476	iti
10	  8.9757	  16.7474	-0.2277	0.9367	-0.2155	0.9292	-1	0.1635	0.1386	1	0.0167	538	
10	  8.9923	  16.5837	-0.1997	0.8308	-0.2092	0.8899	-1	0.1657	0.1403	1	0.0166	539	
10	  9.0090	  16.6645	-0.2089	0.8519	-0.2090	0.8747	-1	0.1651	0.1389	1	0.0167	540	
10	  9.0257	  16.7051	-0.2842	0.9922	-0.2391	0.9217	-1	0.1599	0.1376	1	0.0167	541	
10	  9.0423	  16.6327	-0.4051	1.5127	-0.3055	1.1581	-1	0.1448	0.1095	1	0.0000	542	
10	  9.0591	  16.7649	-0.3925	1.6413	-0.3403	1.3514	-1	0.1420	0.1065	1	0.0000	543	
10	  9.0757	  16.6463	1.2899	2.0284	0.3118	1.6222	-1	0.0295	0.0224	1	0.0000	544	
10	  9.0925	  16.7383	-0.3522	1.3961	0.0462	1.5317	-1	0.1481	0.1135	1	0.0000	545	
10	  9.1091	  16.6320	-0.3240	1.1720	-0.1019	1.3878	-1	0.1538	0.1253	1	0.0000	546	
10	  9.1257	  16.6523	-0.2429	0.9784	-0.1583	1.2241	-1	0.1566	0.1417	1	0.0000	547	
10	  9.1425	  16.7922	-0.2647	0.9337	-0.2008	1.1079	-1	0.1608	0.1371	1	0.0168	548	
10	  9.1591	  16.5511	-0.2282	0.8172	-0.2118	0.9916	-1	0.1692	0.1398	1	0.0333	549	
10	  9.1758	  16.7229	-0.2588	0.8705	-0.2306	0.9432	-1	0.1680	0.1364	1	0.0167	550	
10	  9.1925	  16.6568	-0.2300	0.8053	-0.2304	0.8880	-1	0.1722	0.1372	1	0.0167	551	
10	  9.2092	  16.7313	-0.2463	0.8332	-0.2367	0.8661	-1	0.1724	0.1348	1	0.0167	552	
10	  9.2259	  16.6789	-0.2369	0.8489	-0.2368	0.8592	-1	0.1693	0.1381	1	0.0167	553	
10	  9.2427	  16.7810	-0.2320	0.8841	-0.2349	0.8692	-1	0.1656	0.1388	1	0.0168	554	
10	  9.2593	  16.5896	-0.2402	0.8260	-0.2370	0.8519	-1	0.1692	0.1348	1	0.0166	555	
10	  9.2759	  16.6981	-0.2234	0.8647	-0.2316	0.8570	-1	0.1655	0.1371	1	0.0167	556	
10	  9.2926	  16.6393	-0.2340	0.8126	-0.2325	0.8392	-1	0.1690	0.1374	1	0.0166	557	
10	  9.3094	  16.7810	-0.2727	0.8347	-0.2486	0.8374	-1	0.1693	0.1348	1	0.0168	558	
10	  9.3260	  16.5812	-0.2738	0.8230	-0.2587	0.8316	-1	0.1699	0.1344	1	0.0166	559	
10	  9.3427	  16.7621	-0.2799	0.8600	-0.2672	0.8430	-1	0.1677	0.1345	1	0.0168	560	
10	  9.3593	  16.6068	-0.2590	0.7932	-0.2639	0.8231	-1	0.1712	0.1375	1	0.0166	561	
10	  9.3760	  16.7233	-0.2727	0.8752	-0.2675	0.8439	-1	0.1646	0.1367	1	0.0167	562	
10	  9.3927	  16.6614	1.3662	1.7955	0.3860	1.2245	-1	0.0270	0.0214	1	0.0000	563	
10	  9.4095	  16.7737	1.3662	1.7955	0.3860	1.2245	-1	0.0270	0.0214	5	0.0000	564	
10	  9.4261	  16.5935	1.2977	1.8360	0.7507	1.4691	-1	0.0225	0.0225	1	0.0000	565	
10	  9.4428	  16.7632	1.2977	1.8360	0.7507	1.4691	-1	0.0225	0.0225	5	0.0000	566	
10	  9.4595	  16.6470	1.2977	1.8360	0.7507	1.4691	-1	0.0225	0.0225	5	0.0000	567	
12	 9.466503	10 dot -0.375
10	  9.4762	  16.6967	1.2977	1.8360	0.7507	1.4691	-1	0.0225	0.0225	5	0.0000	568	
10	  9.4928	  16.6596	1.2977	1.8360	0.7507	1.4691	-1	0.0225	0.0225	5	0.0000	569	
10	  9.5095	  16.6970	1.2977	1.8360	0.7507	1.4691	-1	0.0225	0.0225	5	0.0000	570	
10	  9.5262	  16.6775	1.2977	1.8360	0.9695	1.6159	-1	0.0225	0.0225	1	0.0000	571	
10	  9.5428	  16.6274	1.2977	1.8360	1.1008	1.7039	-1	0.0225	0.0225	1	0.0000	572	
10	  9.5596	  16.7607	-0.4979	3.8680	0.4613	2.5695	-1	0.0589	0.0359	1	0.0000	573	
10	  9.5762	  16.6306	-0.6323	2.2620	0.0239	2.4465	-1	0.1362	0.0810	1	0.0000	574	
10	  9.5930	  16.7306	-0.4454	1.4707	-0.1639	2.0562	-1	0.1406	0.1181	1	0.0000	575	
10	  9.6095	  16.5165	-0.3887	1.1078	-0.2538	1.6768	-1	0.1513	0.1298	1	0.0000	576	
10	  9.6263	  16.8223	-0.3093	0.9097	-0.2760	1.3700	-1	0.1646	0.1337	1	0.0000	577	
10	  9.6430	  16.6946	-0.3052	0.8872	-0.2877	1.1769	-1	0.1610	0.1354	1	0.0000	578	
10	  9.6596	  16.6449	-0.3150	0.8927	-0.2986	1.0632	-1	0.1619	0.1327	1	0.0166	579	
10	  9.6764	  16.7278	-0.3013	0.8579	-0.2997	0.9811	-1	0.1685	0.1320	1	0.0334	580	
10	  9.6930	  16.5914	-0.3170	0.9317	-0.3066	0.9613	-1	0.1611	0.1318	1	0.0166	581	
10	  9.7097	  16.7625	-0.3152	0.9884	-0.3100	0.9722	-1	0.1559	0.1324	1	0.0168	582	
10	  9.7263	  16.6243	-0.3071	0.9456	-0.3088	0.9615	-1	0.1607	0.1342	1	0.0166	583	
10	  9.7431	  16.7565	-0.3188	0.9585	-0.3128	0.9603	-1	0.1592	0.1325	1	0.0168	584	
10	  9.7597	  16.6054	-0.3046	0.9227	-0.3096	0.9453	-1	0.1613	0.1322	1	0.0166	585	
10	  9.7765	  16.7688	-0.3144	0.9608	-0.3115	0.9515	-1	0.1596	0.1331	1	0.0168	586	
10	  9.7931	  16.6127	-0.3813	0.9514	-0.3394	0.9515	-1	0.1600	0.1292	1	0.0166	587	
10	  9.8099	  16.7618	-0.4264	0.9845	-0.3742	0.9647	-1	0.1592	0.1261	1	0.0168	588	
10	  9.8265	  16.6404	-0.4041	0.9714	-0.3862	0.9674	-1	0.1613	0.1271	1	0.0166	589	
10	  9.8432	  16.7243	-0.4240	0.9966	-0.4013	0.9791	-1	0.1573	0.1309	1	0.0167	590	
10	  9.8599	  16.6390	-0.4122	0.9593	-0.4057	0.9711	-1	0.1621	0.1273	1	0.0166	591	
10	  9.8766	  16.7275	-0.4352	1.0372	-0.4175	0.9976	-1	0.1590	0.1284	1	0.0167	592	
10	  9.8932	  16.6078	-0.4297	0.9810	-0.4224	0.9909	-1	0.1595	0.1299	1	0.0166	593	
10	  9.9100	  16.7604	-0.3875	0.9260	-0.4084	0.9649	-1	0.1613	0.1285	1	0.0168	594	
10	  9.9266	  16.6519	-0.4209	0.9848	-0.4134	0.9729	-1	0.1624	0.1286	1	0.0167	595	
10	  9.9433	  16.6949	-0.4205	1.0252	-0.4162	0.9938	-1	0.1567	0.1291	1	0.0167	596	
10	  9.9600	  16.6729	-0.4092	0.9869	-0.4134	0.9911	-1	0.1567	0.1294	1	0.0167	597	
12	 9.966299	iti
10	  9.9767	  16.7345	-0.4219	1.0115	-0.4168	0.9992	-1	0.1601	0.1275	1	0.0167	598	
10	  9.9933	  16.6141	-0.4219	0.9850	-0.4188	0.9935	-1	0.1601	0.1297	1	0.0166	599	
10	 10.0101	  16.7604	-0.4153	1.0170	-0.4174	1.0029	-1	0.1586	0.1305	1	0.0168	600	
10	 10.0267	  16.5900	-0.3905	0.9407	-0.4066	0.9780	-1	0.1652	0.1286	1	0.0166	601	
10	 10.0434	  16.7005	-0.4120	0.9864	-0.4088	0.9814	-1	0.1579	0.1294	1	0.0167	602	
10	 10.0601	  16.6974	-0.4181	0.9618	-0.4125	0.9735	-1	0.1600	0.1284	1	0.0167	603	
10	 10.0767	  16.6477	-0.4138	0.9913	-0.4130	0.9807	-1	0.1617	0.1261	1	0.0166	604	
10	 10.0935	  16.7632	-0.3951	0.9593	-0.4059	0.9721	-1	0.1608	0.1314	1	0.0168	605	
10	 10.1101	  16.6194	-0.3985	0.9377	-0.4029	0.9584	-1	0.1605	0.1285	1	0.0166	606	
10	 10.1268	  16.6998	-0.4265	1.0021	-0.4123	0.9759	-1	0.1584	0.1276	1	0.0167	607	
10	 10.1435	  16.6928	-0.4277	0.9913	-0.4185	0.9820	-1	0.1624	0.1262	1	0.0167	608	
10	 10.1602	  16.7103	-0.3375	0.9473	-0.3861	0.9682	-1	0.1612	0.1314	1	0.0167	609	
10	 10.1768	  16.6306	-0.2787	0.9458	-0.3431	0.9592	-1	0.1604	0.1366	1	0.0166	610	
10	 10.1935	  16.6292	-0.2942	0.9567	-0.3236	0.9582	-1	0.1623	0.1357	1	0.0166	611	
10	 10.2102	  16.7457	-0.2928	0.9465	-0.3113	0.9535	-1	0.1597	0.1352	1	0.0167	612	
10	 10.2269	  16.6726	-0.2893	0.8720	-0.3025	0.9209	-1	0.1637	0.1331	1	0.0167	613	
10	 10.2436	  16.7376	-0.3031	0.9965	-0.3027	0.9511	-1	0.1619	0.1360	1	0.0167	614	
10	 10.2602	  16.5987	-0.2812	0.9117	-0.2941	0.9354	-1	0.1613	0.1354	1	0.0166	615	
10	 10.2770	  16.7551	-0.3122	0.9826	-0.3013	0.9543	-1	0.1576	0.1340	1	0.0168	616	
10	 10.2936	  16.6082	-0.3024	0.9721	-0.3017	0.9614	-1	0.1613	0.1366	1	0.0166	617	
10	 10.3104	  16.7719	-0.2774	0.9656	-0.2920	0.9631	-1	0.1590	0.1360	1	0.0168	618	
10	 10.3270	  16.6484	-0.2903	0.9316	-0.2913	0.9505	-1	0.1606	0.1350	1	0.0166	619	
10	 10.3437	  16.7065	-0.2856	0.9833	-0.2890	0.9636	-1	0.1614	0.1338	1	0.0167	620	
10	 10.3603	  16.6239	-0.2766	0.9424	-0.2841	0.9551	-1	0.1617	0.1355	1	0.0166	621	
10	 10.3771	  16.7674	-0.3091	0.9764	-0.2941	0.9636	-1	0.1594	0.1349	1	0.0168	622	
10	 10.3937	  16.5921	-0.2743	0.9572	-0.2862	0.9610	-1	0.1587	0.1377	1	0.0166	623	
10	 10.4105	  16.7828	-0.2869	0.9643	-0.2865	0.9624	-1	0.1630	0.1319	1	0.0168	624	
10	 10.4271	  16.5882	-0.2876	0.9146	-0.2869	0.9433	-1	0.1620	0.1320	1	0.0166	625	
10	 10.4438	  16.7670	-0.3114	0.9828	-0.2967	0.9591	-1	0.1582	0.1336	1	0.0168	626	
10	 10.4605	  16.6432	-0.2771	0.9538	-0.2889	0.9570	-1	0.1618	0.1344	1	0.0166	627	
10	 10.4772	  16.7296	-0.3144	0.9610	-0.2991	0.9586	-1	0.1592	0.1315	1	0.0167	628	
10	 10.4939	  16.6516	-0.2806	0.8991	-0.2917	0.9348	-1	0.1642	0.1336	1	0.0167	629	
10	 10.5105	  16.6935	-0.3019	0.9950	-0.2958	0.9589	-1	0.1560	0.1339	1	0.0167	630	
10	 10.5272	  16.6582	-0.3064	1.0087	-0.3000	0.9788	-1	0.1597	0.1325	1	0.0167	631	
10	 10.5439	  16.7145	-0.3042	0.9978	-0.3017	0.9864	-1	0.1579	0.1321	1	0.0167	632	
10	 10.5606	  16.6838	-0.3055	0.9735	-0.3032	0.9812	-1	0.1607	0.1339	1	0.0167	633	
10	 10.5772	  16.6099	-0.3152	1.0032	-0.3080	0.9900	-1	0.1549	0.1327	1	0.0166	634	
10	 10.5939	  16.7065	-0.3060	0.9531	-0.3072	0.9752	-1	0.1593	0.1344	1	0.0167	635	
10	 10.6106	  16.7096	-0.2967	0.9357	-0.3030	0.9594	-1	0.1617	0.1348	1	0.0167	636	
10	 10.6273	  16.6712	-0.3084	0.9449	-0.3052	0.9536	-1	0.1600	0.1332	1	0.0167	637	
10	 10.6440	  16.6579	-0.3195	1.0389	-0.3109	0.9877	-1	0.1578	0.1346	1	0.0167	638	
10	 10.6607	  16.7128	-0.2975	0.9880	-0.3055	0.9878	-1	0.1609	0.1344	1	0.0167	639	
10	 10.6774	  16.6887	-0.3084	1.0204	-0.3067	1.0009	-1	0.1564	0.1321	1	0.0167	640	
10	 10.6940	  16.6026	-0.2994	0.9738	-0.3038	0.9901	-1	0.1602	0.1325	1	0.0166	641	
10	 10.7108	  16.7992	-0.2922	1.0135	-0.2991	0.9994	-1	0.1588	0.1321	1	0.0168	642	
10	 10.7273	  16.5763	-0.3068	0.9856	-0.3022	0.9939	-1	0.1558	0.1308	1	0.0166	643	
10	 10.7441	  16.7422	-0.3106	0.9861	-0.3056	0.9908	-1	0.1607	0.1331	1	0.0167	644	
10	 10.7606	  16.5154	-0.2959	0.9913	-0.3017	0.9910	-1	0.1576	0.1346	1	0.0165	645	
10	 10.7775	  16.8601	-0.3088	1.0116	-0.3045	0.9992	-1	0.1541	0.1308	1	0.0169	646	
10	 10.7941	  16.6582	-0.2839	0.9278	-0.2963	0.9707	-1	0.1615	0.1354	1	0.0167	647	
10	 10.8108	  16.7205	-0.2871	0.9997	-0.2926	0.9823	-1	0.1601	0.1337	1	0.0167	648	
10	 10.8274	  16.5221	-0.3043	0.9785	-0.2973	0.9808	-1	0.1593	0.1316	1	0.0165	649	
10	 10.8442	  16.8290	-0.2913	0.9354	-0.2949	0.9626	-1	0.1621	0.1336	1	0.0168	650	
10	 10.8612	  17.0477	-0.2761	0.9072	-0.2874	0.9405	-1	0.1634	0.1340	1	0.0170	651	
10	 10.8776	  16.3257	-0.3010	0.9763	-0.2928	0.9548	-1	0.1615	0.1315	1	0.0163	652	
10	 10.8941	  16.5483	-0.2974	0.9220	-0.2947	0.9417	-1	0.1641	0.1340	1	0.0165	653	
10	 10.9110	  16.8612	-0.3031	0.9956	-0.2981	0.9633	-1	0.1570	0.1348	1	0.0169	654	
10	 10.9276	  16.6253	-0.2930	0.9682	-0.2960	0.9652	-1	0.1597	0.1357	1	0.0166	655	
10	 10.9443	  16.6963	-0.2985	0.9750	-0.2970	0.9691	-1	0.1569	0.1328	1	0.0167	656	
10	 10.9609	  16.5637	-0.2851	0.9438	-0.2922	0.9590	-1	0.1635	0.1355	1	0.0166	657	=
12	10.966900	END
